19.550
17.163
15.445
14.209
13.319
12.678
12.216
11.883
11.644
11.471
11.347
11.257
11.193
11.146
11.113
11.088
11.071
11.058
11.049
11.043
11.038
11.034
11.032
11.030
11.029
11.028
11.027
11.026
11.026
11.026
11.026
11.025
11.025
11.025
11.025
11.025
11.025
11.025
11.025
11.025
11.025
11.025
11.025
11.025
11.025
11.024
11.024
11.024
11.024
11.024
11.024
11.024
11.024
11.024
11.024
11.024
11.024
11.024
11.024
11.024
11.024
11.024
11.024
11.024
11.024
11.024
11.024
11.024
11.024
11.024
11.024
11.023
11.023
11.023
11.023
11.023
11.023
11.023
11.023
11.023
11.023
11.023
11.023
11.023
11.023
11.023
11.023
11.023
11.023
11.023
11.023
11.023
11.023
11.023
11.023
11.023
11.023
11.023
11.023
11.023
11.022
11.022
11.022
11.022
11.022
11.022
11.022
11.022
11.022
11.022
11.022
11.022
11.022
11.022
11.022
11.022
11.022
11.022
11.022
11.022
11.022
11.022
11.022
11.022
11.022
11.022
11.022
11.022
11.022
11.022
11.022
11.021
11.021
11.021
11.021
11.021
11.021
11.021
11.021
11.021
11.021
11.021
11.021
11.021
11.021
11.021
11.021
11.021
11.021
11.021
11.021
11.021
11.021
11.021
11.021
11.021
11.021
11.021
11.021
11.021
11.021
11.021
11.021
11.021
11.021
11.020
11.020
11.020
11.020
11.020
11.020
11.020
11.020
11.020
11.020
11.020
11.020
11.020
11.020
11.020
11.020
11.020
11.020
11.020
11.020
11.020
11.020
11.020
11.020
11.020
11.020
11.020
11.020
11.020
11.020
11.020
11.020
11.020
11.020
11.020
11.020
11.020
11.020
11.019
11.019
11.019
11.019
11.019
11.019
11.019
11.019
11.019
11.019
11.019
11.019
11.019
11.019
11.019
11.019
11.019
11.019
11.019
11.019
11.019
11.019
11.019
11.019
11.019
11.019
11.019
11.019
11.019
11.019
11.019
11.019
11.019
11.019
11.019
11.019
11.019
11.019
11.019
11.019
11.019
11.019
11.018
11.018
11.018
11.018
11.018
   3.6460e+01
  -1.0843e-01
   4.9262e-02
   2.0237e-02
   2.6000e+00
  -1.7767e+01
   3.6008e+00
   2.7053e-03
  -1.4992e+00
   2.9943e-01
  -1.0510e-02
  -9.9813e-01
   1.3080e-02
  -5.2467e-01